5926
6671
3132
7495
1722
7900
8100
1928
3395
9497
555
2076
2150
1385
5341
5972
2098
4928
83
6857
2800
28
9615
1093
3520
1761
1517
8256
8603
8472
8653
3984
9733
2958
5184
9979
6302
3199
9287
9021
5985
3189
3543
8792
2723
4168
7223
8649
1443
9211
3790
5933
4643
5303
7680
2946
5355
8583
5104
1440
5503
9265
7381
6830
2791
3968
6339
6614
8169
3841
7060
4498
7384
4512
7990
3014
9266
7581
1848
1612
1084
3370
538
6550
7815
2340
4317
8785
3287
7296
8229
6214
7557
2513
1804
7481
1331
2490
3477
8134
4282
733
7535
9139
7215
2034
15
6350
1921
1191
5755
4687
1500
8416
8
688
780
3980
2289
5778
3276
3137
8992
7359
6033
1045
9508
6291
6143
1056
2437
970
1219
5069
2990
7744
5154
3090
2644
7465
2551
4341
1868
7626
6118
2628
5678
2615
1344
5969
5527
1111
892
8341
3477
2934
2630
50
2364
7958
2789
3284
9767
8960
3175
170
8697
4114
5006
2440
1273
6598
3406
2239
4159
2346
1239
9908
3747
1575
9269
2386
5634
8752
7981
8603
6483
1037
2670
9017
3882
2532
7364
2163
3049
3767
5486
3832
2307
9864
3982
2053
5925
9535
4495
6316
6617
462
1356
2975
9216
4182
6182
8054
2226
9080
1260
1809
4516
4646
818
4498
9141
979
9039
6692
3323
5435
2639
6295
5057
6937
5306
1340
5452
7516
7824
6279
2151
7734
4517
2246
281
7271
1696
9779
2919
1667
3430
3991
2787
9660
9511
1828
9690
3459
5378
6837
5159
7351
2644
9833
2431
2403
9846
2485
1055
9163
3827
1903
3465
7096
7392
3232
6337
9722
2454
7998
4698
3643
7682
7466
4890
2662
9244
1260
8356
1705
5015
7303
7379
6179
9142
1644
8292
5952
2457
9515
1733
5117
