5672
586
2728
3648
3685
5003
1033
9582
8880
4571
6345
86
3593
8479
6681
1405
4883
6647
9317
1572
5216
3089
7810
8481
1543
2454
4304
5510
3607
9430
3784
1210
2147
9647
2793
2090
3194
5434
4652
231
9871
6472
5933
9142
3222
2087
7385
2956
4958
9196
8592
3241
3377
9998
3140
4801
8228
9435
3326
2085
1410
4728
8791
4652
680
2063
2777
9509
8479
8985
4769
6503
3060
190
3062
150
7485
8180
7827
9307
5163
8426
6239
9269
5022
5797
8134
9925
6462
46
3666
1583
2052
2327
4782
7646
8639
1327
7282
4252
5909
7124
4844
2480
9226
845
5717
9680
3361
3582
6856
3344
2723
980
1769
9195
7033
5622
8532
2564
3790
782
1915
8916
9430
8765
947
4186
3636
1959
1545
9747
9354
1479
4097
1023
5306
1678
9648
6826
1705
7392
3815
8463
8405
3409
4090
7052
8222
3732
7282
1890
2670
4451
9224
7415
8656
4438
5446
9081
1464
2749
1313
9628
7518
2270
7646
4916
3991
3485
2495
4821
9138
5421
6256
8164
6128
4261
7405
6606
8044
7933
8452
646
9398
8348
6737
9447
2621
6888
8399
4874
8195
8921
6739
3486
4190
8138
580
8708
6952
8962
1327
6505
2298
594
7122
7499
2468
9487
7958
1770
7649
5255
3297
2354
6617
5190
4993
9390
3480
7069
70
8247
8883
9481
6929
5357
6321
6640
9085
2015
3111
5520
3026
3322
5860
1382
7204
8179
9716
3865
4532
7701
3513
4948
221
5515
9753
7442
2167
4255
5285
5856
3183
4081
5111
6107
6379
2191
2518
6529
5395
5306
4833
7931
3214
1741
8738
6636
3101
7989
8144
1701
2114
3553
1240
6018
4196
6186
6883
2029
5343
9769
2523
5780
5184
5893
3487
3258
1704
6057
2324
4501
6955
5950
3196
9531
2079
9311
8069
8059
6372
9699
8289
1647
6688
3454
4900
5006
732
3645
2045
8960
9560
2820
5335
5673
3961
1327
5004
9048
50
2479
501
1697
8070
7874
598
1702
1048
7923
2985
7106
5594
2303
3337
8439
4243
3867
6695
4396
8925
8512
3389
8954
5879
3163
6177
652
2160
896
9030
8619
2188
9680
3303
606
5226
7639
3197
4894
5707
8546
5317
6617
3055
8082
4506
250
2272
2413
7998
3243
7452
4361
2579
4017
461
529
898
9753
9990
9197
9987
4146
1720
1618
2083
9569
54
377
2078
8992
9204
9145
5010
4502
5918
9455
