6282
9125
545
4491
7257
2760
3591
8580
7777
5500
8045
7601
9348
4615
5031
9113
7424
2828
3278
4741
7029
2323
9427
613
5862
9999
1281
54
7778
1987
838
3705
8138
9405
9520
8851
3489
1850
6737
7874
91
3837
8426
456
840
3465
2966
4266
6937
1478
1258
5038
3317
168
354
7440
4667
7084
4346
2364
721
2123
2906
2545
6006
2169
9213
6280
7258
7213
7822
5173
623
1257
7977
978
4498
2779
3995
2501
1717
3682
7413
8112
6966
5824
8358
6455
3806
4393
8246
8914
2289
3805
1051
7967
2991
1652
4643
3543
6253
9149
8664
2921
4767
7747
782
6630
4497
5098
2663
6397
1977
9913
801
5477
5319
3730
5978
3783
4055
2400
9305
1
1859
7997
6047
1807
259
4566
1951
3846
8447
5569
4075
4225
6292
221
4824
469
195
3667
1001
9605
4962
1530
3528
5406
6796
2249
4884
2782
2367
7450
4391
2590
6588
8450
4018
4713
1286
9049
4887
9532
3391
8361
9010
7185
2983
1354
4662
6084
8826
1474
2314
8042
3972
7304
6943
9728
4229
2400
3382
9229
3836
7749
7435
4534
4311
5779
2724
8070
4263
6279
5274
822
5418
8139
5296
8562
332
6564
4196
924
4129
6255
1827
2677
358
1769
581
5309
1753
8677
8161
7270
3400
6608
2401
1078
2358
7003
8243
8596
5804
259
936
3653
2042
6457
3128
8830
8026
5302
4225
9765
7231
9825
5839
2571
4168
1029
2911
8881
9536
2
1549
3114
6980
1485
5009
2332
3672
2534
4529
362
1118
6092
8484
6771
4692
2800
873
6886
4730
587
8364
5121
732
983
3449
7750
4443
7161
955
7976
264
8522
3049
5162
1888
2888
5336
2186
9829
8179
3433
6170
4094
2524
4996
1730
1947
6912
8151
7997
2702
7818
4347
1876
567
9880
5139
7703
6087
1247
2862
1144
5265
9731
808
3411
6033
5597
7199
5994
3254
2196
5130
6388
158
5130
21
3809
3026
6738
9583
3110
514
8525
9627
1080
4133
3849
9137
6549
4781
9604
8554
3665
8504
5388
3295
198
4028
3339
8705
1254
2573
1057
2088
1344
9244
8118
6769
1128
2940
4747
5792
6767
8292
2185
5611
5951
614
1235
8430
9142
7039
4545
4851
5345
8616
8147
6991
9555
3347
6440
5243
6094
664
4952
7283
5545
1928
8174
3673
4558
6837
9340
2517
1075
7222
9887
6085
7698
960
5186
800
5860
265
5970
8913
2596
9323
5289
6226
3864
5872
7755
5973
4054
6095
2076
2384
4885
7527
697
2483
7389
3553
7580
1953
3825
7134
6934
2782
2676
7917
6045
4895
6626
4013
4616
6355
9008
2951
3514
8278
2229
2444
110
4142
2065
6303
6368
5259
1931
7805
9201
2191
2502
11
7492
6943
7576
7124
7780
4867
7649
8585
2043
2929
1268
2190
2710
5590
9681
7663
3410
8017
8970
484
2789
5565
3041
5011
5601
9787
3348
3726
1821
9343
8422
9273
4493
626
4557
1338
348
5610
530
887
6553
4365
1143
3458
9135
380
1203
8562
7745
9624
2344
7285
3058
4412
2928
8141
8803
5957
4976
2924
1960
2641
3274
3912
9351
3098
9916
3375
5504
1135
5623
3897
8311
5285
113
6776
7250
8184
5590
9684
2322
7390
6733
7610
9109
1164
4483
4552
184
9915
2050
7410
8063
4064
6705
1986
438
4396
467
1635
6931
9344
2901
5123
5538
1674
9587
3140
892
7177
7563
8994
7954
7097
6211
8052
789
1509
1863
8935
1312
6002
9172
8630
6467
1908
4468
2276
3408
6470
3525
5073
3874
2442
4825
4449
1992
3204
8862
3199
9620
1112
9982
335
4597
3535
8
6351
1805
4829
3934
6474
5807
5524
9686
4728
8659
8333
990
6888
2300
9136
1433
2616
1717
8985
2645
9898
114
2666
6591
3587
1412
9044
1220
9923
8338
66
7302
4035
7397
7224
9116
9388
3760
4510
5786
5396
2670
2839
9787
849
827
3174
287
8781
8049
1031
7058
2618
1855
6207
8553
9397
1209
5056
9059
5022
7257
6287
740
2873
4958
1450
4482
5487
8195
5667
7793
9300
8126
8361
6516
8018
2287
4492
3085
850
7128
4611
6045
933
9253
1560
1902
5941
2662
3108
7110
960
7915
4267
508
1082
8354
4462
7873
