2983
7463
9184
3628
7986
3352
6459
918
1468
6370
6959
7478
8529
9534
5751
2104
8336
3
4639
8183
9304
2263
7397
621
6391
1618
4436
4170
6979
399
9604
3141
8115
9476
5760
549
725
614
6635
3372
5746
1080
9795
4788
7690
3078
6978
543
3130
131
7318
5389
7294
7811
7472
1045
5695
3442
3391
3077
9959
7000
5714
3129
207
7712
4935
9575
3273
5154
5292
1850
3728
9980
5698
2716
7564
6840
1846
3544
8786
1444
6470
3394
6818
3097
9160
2932
7258
6666
2408
5696
7431
9950
8979
3239
1063
7238
7147
2013
2626
3086
7362
3314
2957
4411
212
2112
225
6834
6793
6962
3936
3210
7073
7710
8833
1044
3509
603
6790
8868
3694
5253
7299
5468
9573
4853
9557
7502
3115
7655
6494
9988
8150
1710
1780
1412
6984
2653
4524
7416
7879
7234
5816
4382
3530
8403
4079
7385
9296
8212
9536
4896
8041
9298
2134
7425
5984
5982
8684
7486
9772
3155
638
6612
8868
8098
4137
8725
4554
7866
6077
627
7462
408
8472
7459
2096
2853
4250
8457
7328
1571
5067
4984
1949
7912
9265
4437
9488
577
2954
3595
258
7372
9158
3794
2177
9627
7504
5790
618
3341
4486
7458
123
4357
8400
8945
6884
2200
409
8488
4217
4700
1837
7388
5977
4722
4895
8293
4875
7044
1265
4818
7308
5635
6773
8456
1980
4830
7704
5802
9946
4785
6954
3960
18
2469
3876
9344
2281
9282
7007
9971
6710
7692
3610
769
1369
8520
4369
5627
9362
5655
7997
336
566
1498
7340
8115
934
7503
7321
148
3082
6204
7602
1591
387
2171
9896
3254
6232
1653
5308
4961
8181
7032
1465
2218
6639
1324
8594
4530
4101
2818
7378
5933
8006
7117
3297
5917
1062
285
8892
9003
7187
3625
2867
4341
358
5623
6905
3392
8513
8175
3700
8123
3529
8533
607
6314
6349
1967
7961
9186
9989
9995
6393
9256
1631
4098
3694
235
3012
1678
3552
7604
9214
1426
7922
5390
9637
5050
7903
821
21
5959
1529
4178
5463
5133
7062
2473
5340
1831
2412
5409
6622
1291
8943
9755
5736
1803
2312
6906
2193
5432
3561
8298
1952
4061
447
5981
3071
2960
733
767
6559
3762
7628
9473
5504
8145
6469
5248
4305
4302
7772
4546
3221
5683
401
5667
6171
9514
7666
9170
9261
6345
1404
8814
3799
3104
8043
9061
6737
9441
560
3416
2887
9534
8254
8611
9271
2339
9465
5570
4396
6588
4104
721
7790
4975
7424
8776
3745
1489
7334
9043
1468
1783
6698
5973
229
5538
9336
1951
9591
9352
1745
9517
6343
9326
1128
3702
909
8194
8914
8598
3699
2576
5965
2234
696
2424
6617
9198
19
6292
9858
507
3450
9757
4565
9275
325
6073
8190
1123
9211
2230
8266
9641
4813
4973
4515
2531
8365
9350
6508
4371
872
4631
9747
7089
2388
6527
1047
7513
8039
4465
8524
7571
1465
5553
4204
1684
4054
3298
1393
8434
5060
341
5580
5854
5020
9989
7959
1137
6722
3296
1513
9302
8706
4093
1022
8744
2127
6689
4507
7751
2307
1619
8536
1571
3829
2897
4059
8602
9923
5169
8459
9461
8804
6592
7233
8070
1060
6989
1242
5873
6738
4188
5763
3159
8361
7192
7266
4979
5103
679
5548
3161
6030
1039
8447
6665
6786
486
6137
203
6796
7829
9152
4020
6115
5062
9706
7256
4136
902
6610
7122
3531
3294
5993
7476
2066
2867
6649
2342
7149
4988
8701
538
7674
2429
4286
6864
5494
162
2623
7247
6354
9708
1894
3094
5206
5451
8530
1917
2157
2852
2718
985
4417
3130
2015
5714
8489
3550
9888
2628
3854
5537
6988
5441
3156
2290
7451
619
8479
5062
7630
751
4307
7812
8444
8719
9162
4621
9765
718
3355
6706
8594
8694
8348
4101
3706
121
9903
3099
2755
7763
1745
1601
1720
2809
9769
8519
8396
3575
6115
4097
642
981
7292
9404
6322
2479
3398
749
5587
9726
2007
291
5860
8960
1282
1178
3269
4228
2606
5440
2906
995
3873
6305
7710
641
9217
1170
7417
665
7372
5842
509
973
396
4360
9479
5116
7881
1417
6133
2743
5515
3245
2760
5305
348
5310
5777
8906
6754
2984
6217
7090
9421
6019
5578
8171
9506
251
7317
7587
1893
8516
4234
7003
9647
7831
1511
3401
1863
9489
1973
9536
6482
2745
2206
2070
6796
5270
1074
5889
7107
737
7743
6227
2214
2605
910
9044
1927
8580
986
714
77
8202
6671
2625
5165
9325
1621
6337
8924
1657
6800
6923
1712
1320
9378
9560
1160
8964
5294
9531
2536
52
8926
4081
4162
9279
7612
6719
9010
142
6946
8098
7857
1022
3711
875
5486
580
5943
3551
191
8110
8892
3333
7579
7503
1908
7279
773
4004
4779
7237
4426
7369
5388
9928
3768
6029
