7202
6573
2241
6478
4015
4232
660
5795
3604
9763
8205
3321
2106
902
7981
3237
1842
2212
4042
5084
565
4390
1218
9286
2737
2795
514
6582
3244
6507
364
8205
1467
9445
3418
7158
5237
6794
1954
4942
25
79
2259
8345
9087
44
6161
349
8908
8637
171
7618
6890
6657
7648
6604
9802
9186
7248
6792
5891
9072
4410
6440
2628
4492
5497
2939
2314
2918
5984
6294
6684
9266
6056
7557
6693
9198
1984
2844
4819
3380
208
3348
8396
1071
3629
9804
192
6054
7609
5237
6473
2137
9901
5740
3326
2719
3168
8791
9949
3482
4675
4010
372
3750
3778
8362
2592
2773
4076
4014
5222
8813
2560
5571
5380
4018
5789
4318
4892
2130
3706
156
3196
5951
9897
9774
4491
9839
9609
6739
2637
9931
3836
1700
4979
6693
6432
5454
4967
4825
6010
6447
182
6760
2985
5528
3463
6866
344
9989
5960
4255
8258
9379
4036
7417
2060
2442
9205
9987
1859
9010
8585
3251
8136
2272
6099
1954
8596
6573
103
6525
3699
3162
6040
5943
9032
5763
8371
9692
9935
9339
9829
3927
115
1897
5999
9249
1949
455
253
417
2130
2879
8609
8511
5712
68
8525
3789
5261
2456
8878
4230
5501
308
2444
802
1716
3690
9354
9740
142
6871
6626
8310
8204
9771
7947
2499
8574
4549
1484
7051
6050
3394
5375
1814
5394
9333
2683
1168
7801
6756
1516
7749
5418
9333
9282
402
626
141
4267
4851
8354
2418
5917
7754
1753
3992
5482
4159
5094
5978
3815
5683
2217
2670
274
428
1182
7375
6973
8668
3001
3282
7351
9516
34
9590
3300
2585
213
5771
6883
3478
6222
1241
7953
2680
9792
3608
1032
5444
7578
9122
331
2383
9952
468
2517
7726
4853
3124
7542
865
7398
9593
8098
9501
4912
5470
268
6833
7504
1701
2098
9595
1257
9507
8836
3755
7073
4925
8801
7096
7470
9627
196
7159
3647
2413
1478
1011
9282
3419
7640
5717
5738
3123
8256
6863
3534
8887
3452
3550
989
6399
8982
5897
6541
6512
9798
7210
3563
7685
2671
2868
9787
2161
6410
5411
7829
3153
7579
8561
3209
7931
317
5627
2641
702
1091
7810
616
7531
3532
6193
307
4303
1226
7610
5308
9854
4733
444
8299
7749
2341
6578
3082
795
1846
8405
6662
2568
1955
3926
8947
1927
6991
8761
5559
7304
8323
6185
5334
4242
5478
555
7596
1900
9680
5089
9176
4665
2723
255
5446
6247
6908
1621
9683
1118
9016
8851
460
7142
2991
8658
4639
1437
3165
3050
1628
9134
5684
9764
4165
4695
8156
4659
5969
4487
2568
3570
34
5002
8249
3691
1775
1985
67
6094
3454
8305
9243
92
8699
5264
6693
1731
8183
8008
9380
1933
3300
939
5514
2336
8057
9309
8872
2310
4002
3169
9435
8257
9798
1121
5957
2613
433
4866
1086
3652
3451
519
7301
5859
3021
9465
6584
334
8420
3648
6811
6108
3667
1314
5660
1412
7782
6296
1970
4472
5068
8249
9655
5498
2333
4197
4387
5223
4821
4709
1191
1197
5834
2578
3737
7648
6941
7393
871
5628
7295
6081
4968
3905
2956
1339
1236
649
3588
2313
4645
6031
4874
543
9923
269
9382
2976
7190
9682
867
1371
238
4976
58
6956
9398
3315
1105
142
3664
9864
5659
3660
8936
8655
1069
237
7172
7138
1531
9683
2192
9547
9710
8996
3682
4200
7546
3537
9696
2394
200
2807
3705
2160
8551
3744
2810
2881
2977
8770
8011
5813
6150
6873
7837
9415
2351
1751
9835
8330
8848
9077
1463
688
5937
8938
2203
7849
9824
6563
3700
8357
483
5222
3299
6222
6267
3723
6528
8254
5090
59
5385
499
8492
5961
8241
7897
6703
1013
3584
3636
4650
2820
3437
8734
2776
2541
6675
7369
9107
6417
4050
7775
2810
9294
7272
5481
6407
2973
6882
7099
8871
9006
7339
1428
61
6532
8982
9533
4917
1708
975
4786
4623
5039
4945
4726
1637
7373
1018
7362
9821
3102
6664
3532
3786
5573
3629
7931
8778
6069
381
8616
8168
4600
4128
833
2914
5890
2354
5652
3500
3070
8431
1243
9896
3944
5353
219
2112
8532
4380
6989
921
2338
5688
1700
1133
1854
5920
4776
9124
6621
8588
6899
4316
7460
2660
9936
5376
3323
173
2847
6164
7722
1705
168
7737
1314
1363
6907
3027
7844
6384
4740
8691
6782
5846
5400
8098
5483
6029
5256
3413
5967
8547
964
8198
6373
5015
2734
6253
3477
1261
178
3908
1553
5820
6589
3356
7420
3876
2231
4141
7220
7644
6209
8821
1626
5544
5369
2077
2929
5360
5370
6913
6680
1591
934
317
696
8732
750
9823
611
950
4871
5509
110
7038
2854
8975
7776
9916
6434
489
2382
9066
2429
3581
5545
4987
4579
7995
7839
8193
5504
901
3848
2199
8222
7455
3412
7332
6415
1641
4357
8534
6784
7109
6952
8503
4997
2042
4584
7455
8419
4757
980
3161
4654
4480
4737
4024
6814
9084
49
6720
2260
5044
8070
2727
6909
4170
6961
1513
8386
8983
2579
659
1324
6330
9833
1119
4291
238
2403
8849
2456
407
4373
4877
2590
1326
9308
1746
4099
4264
7390
566
5986
1086
912
8790
7421
7040
6373
3330
8454
7346
1462
2376
57
5598
6001
7711
4701
8623
2584
4095
2531
9159
7170
3504
1931
5181
7025
5108
1747
116
9987
9041
3176
4980
8499
5070
9233
3165
6840
