5255
6545
7136
7401
1348
8971
2600
6359
6506
1245
8896
8586
9832
7888
5855
3138
5566
230
5959
6609
7998
7299
6803
5674
8777
2052
1354
1474
6093
8744
5351
7649
2173
707
3281
3095
9045
7972
8193
3709
9334
9660
382
1746
5614
6221
3185
4500
707
3931
1642
1954
7560
8400
8426
1269
105
4840
6665
4780
7108
124
8575
6021
8558
5002
9631
8774
9598
296
2006
8440
1170
3950
5747
1170
3506
8638
9806
8101
9481
3551
7683
8575
5722
1658
7850
133
4064
9663
9186
7209
4397
6632
13
620
3564
212
7622
756
5549
9233
4105
411
2578
1122
7500
9604
1356
7233
3521
3478
8221
26
2955
771
6942
5827
6913
6434
8392
240
8355
1612
5904
1647
2779
6440
3113
9951
6145
3854
9019
9831
3572
5757
5371
126
848
9579
3440
5008
7421
3124
754
5879
8460
7708
6571
3265
6394
86
425
1798
9912
3256
2382
8684
8998
2386
3121
4539
2807
1549
7904
6378
5289
6582
2123
5722
440
6025
6874
7068
9947
3391
4052
4233
8413
2803
7816
2663
1092
7041
7383
2398
9263
7021
9808
6570
835
5106
4916
3657
9560
4442
6731
3826
1340
4772
