3284
9021
3036
743
5551
7216
5852
6905
2447
3712
9123
3584
4686
5232
1547
8237
9683
482
6116
9190
2191
5715
462
8625
4350
7486
2954
3302
1076
548
7944
4229
3358
6250
6897
5583
934
2703
2848
7760
7927
6544
5441
2848
9424
8985
9276
8451
225
6646
416
2873
3224
1803
835
7785
2145
7087
2032
4340
6861
1631
4559
1409
490
1819
1967
6230
7149
8850
4105
4737
6766
7569
5590
8620
6782
9932
4273
1993
2559
2768
1515
3166
868
2165
4414
6386
36
4176
5117
789
363
6875
7515
837
7279
2970
231
3091
5776
7529
3997
5782
9137
1565
9901
3616
4370
1519
2595
4659
8525
2978
5910
4024
3107
5762
9137
1201
8702
7071
6413
7452
7798
8814
5738
1775
7278
7330
4596
4267
11
5097
8656
381
2091
8903
1917
501
774
3247
5214
1195
975
398
666
6293
6306
7916
989
3478
6114
5173
1999
3831
7624
3843
5645
3320
1808
188
5183
8000
3258
9944
3234
9124
9143
2507
7352
9934
5470
4387
8154
4180
8443
2645
1506
5443
3137
1438
267
330
6878
9633
6200
2845
2034
2351
5647
8883
7474
5631
6422
7285
1533
6835
266
356
3871
5177
99
6392
2246
6382
6067
4720
4367
4410
5485
4738
1206
6590
4110
7626
3792
1393
2293
9519
4122
4370
1421
6348
6516
1607
7789
2183
3966
8469
7289
2274
997
3900
8447
5321
5341
3832
7523
8289
3472
215
3192
770
6352
7382
4248
925
5864
4023
1437
1228
4633
8447
1192
7062
4438
5527
2983
3857
7217
3802
9511
8055
870
3220
9257
1738
9517
8486
3648
7476
7756
3580
8057
8912
7242
1220
5452
2426
4769
2961
8842
1309
8956
5591
2640
3790
14
3358
2696
4824
2030
8184
7995
7107
7438
4128
9124
3105
9207
6965
4881
3019
4505
4097
9614
313
5388
1453
3873
8079
8870
4647
2571
5341
2251
5204
1604
6168
1464
8725
2614
7067
4017
5814
2635
8324
9111
2066
2401
1874
6515
5142
8297
1366
1660
8701
6192
5133
4251
4795
3102
8766
3971
6704
4837
4773
576
289
1860
473
2138
8463
5210
7597
3784
4668
2117
8282
2334
1407
9736
2896
1660
2829
680
5588
3022
6539
8954
139
6815
8154
6884
1402
7399
2338
3691
2747
9150
7275
4528
3492
5014
2215
2541
8608
2160
5001
4832
6609
9220
6286
4047
2714
6940
1800
8234
2076
9372
4520
1406
5744
8039
9104
4392
3051
1796
8971
8187
6046
5520
8136
7173
7844
4157
6295
194
6565
2831
224
6514
9016
8309
679
4684
9611
8715
1544
2542
52
4954
2810
7308
1174
1317
1821
546
4624
1619
6297
9497
9270
5586
8788
8225
9217
8168
6311
5748
7791
9903
6389
8098
1738
638
7431
284
8408
1236
4384
6907
2881
8264
1684
6555
1589
2019
7374
507
4594
5900
7645
140
9789
4221
5565
547
1850
7743
3851
1109
9187
3093
3040
8794
6290
5785
9835
8144
9426
4023
3823
5635
2140
1904
1612
889
4254
