100 0.00057
200 0.00122
300 0.00179
400 0.00252
500 0.00301
600 0.00374
700 0.00486
800 0.00562
900 0.00645
1000 0.0069
1100 0.00772
1200 0.00848
1300 0.0093
1400 0.00981
1500 0.01084
1600 0.01168
1700 0.01222
1800 0.01262
1900 0.0138
2000 0.01434
2100 0.01573
2200 0.01652
2300 0.01714
2400 0.01823
2500 0.01884
2600 0.01963
2700 0.021
2800 0.02109
2900 0.0224
3000 0.02239
3100 0.02257
3200 0.02463
3300 0.02812
3400 0.0248
3500 0.02558
3600 0.02756
3700 0.02818
3800 0.03037
3900 0.0295
4000 0.03104
4100 0.03132
4200 0.03246
4300 0.03366
4400 0.03536
4500 0.0349
4600 0.03633
4700 0.03691
4800 0.03783
4900 0.03834
5000 0.04086
5100 0.03987
5200 0.04147
5300 0.04211
5400 0.0412
5500 0.04492
5600 0.04446
5700 0.04464
5800 0.04683
5900 0.04829
6000 0.04752
6100 0.04795
6200 0.04911
6300 0.05016
6400 0.05058
6500 0.05026
6600 0.05639
6700 0.05451
6800 0.05441
6900 0.05638
7000 0.05628
7100 0.05458
7200 0.05807
7300 0.0591
7400 0.06561
7500 0.05983
7600 0.06141
7700 0.06208
7800 0.0653
7900 0.06432
8000 0.0643
8100 0.0653
8200 0.06687
8300 0.0664
8400 0.06932
8500 0.06812
8600 0.06928
8700 0.07524
8800 0.07296
8900 0.07449
9000 0.07523
9100 0.07184
9200 0.07271
9300 0.07768
9400 0.07475
9500 0.0801
9600 0.07999
9700 0.07937
9800 0.08031
9900 0.08125
10000 0.07869
