100 0.00105
200 0.00387
300 0.00823
400 0.0146
500 0.02271
600 0.03368
700 0.04396
800 0.05862
900 0.07464
1000 0.09321
1100 0.11531
1200 0.1391
1300 0.16051
1400 0.18674
1500 0.21563
1600 0.23823
1700 0.26847
1800 0.30539
1900 0.34152
2000 0.37403
2100 0.41868
2200 0.46115
2300 0.5326
2400 0.53824
2500 0.59267
2600 0.64369
2700 0.69076
2800 0.73518
2900 0.78996
3000 0.86524
3100 0.90849
3200 0.97525
3300 1.04426
3400 1.11152
3500 1.15419
3600 1.20714
3700 1.29738
3800 1.37338
3900 1.45912
4000 1.53608
4100 1.54054
4200 1.66007
4300 1.7482
4400 1.87839
4500 1.90951
4600 1.96109
4700 2.12763
4800 2.14118
4900 2.22659
5000 2.37931
5100 2.42466
5200 2.59864
5300 2.70695
5400 2.7586
5500 2.95612
5600 3.0043
5700 3.04532
5800 3.23257
5900 3.43667
6000 3.37739
6100 3.59293
6200 3.64618
6300 3.93962
6400 3.77345
6500 3.96678
6600 4.23023
6700 4.23374
6800 4.41793
6900 4.57674
7000 4.60645
7100 4.86522
7200 4.87488
7300 5.27835
7400 5.26104
7500 5.27245
7600 5.61043
7700 5.74692
7800 5.85094
7900 5.9798
8000 6.14224
8100 6.31952
8200 6.47782
8300 6.65226
8400 6.77881
8500 6.88794
8600 7.0183
8700 7.26074
8800 7.49378
8900 7.60443
9000 8.02558
9100 8.14559
9200 8.21484
9300 8.41662
9400 8.5558
9500 8.49094
9600 9.113
9700 9.21488
9800 9.41618
9900 9.13532
10000 9.64315
