100 0.0043
200 0.01701
300 0.03562
400 0.06773
500 0.10576
600 0.15838
700 0.21945
800 0.26834
900 0.35936
1000 0.45372
1100 0.53393
1200 0.6266
1300 0.77711
1400 0.89119
1500 1.01579
1600 1.12029
1700 1.27038
1800 1.45555
1900 1.65317
2000 1.86492
2100 2.07778
2200 2.36808
2300 2.60396
2400 2.76839
2500 3.07651
2600 3.20576
2700 3.54211
2800 3.6332
2900 4.05976
3000 4.06279
3100 4.47494
3200 4.7359
3300 5.19063
3400 5.40068
3500 5.69257
3600 6.32146
3700 6.72922
3800 7.01805
3900 7.37257
4000 7.84179
4100 8.25381
4200 8.73565
4300 8.92524
4400 9.63271
4500 9.55284
4600 10.11988
4700 11.08914
4800 11.16658
4900 11.0089
5000 12.28414
5100 11.86569
5200 13.30632
5300 14.04131
5400 13.94129
5500 15.00754
5600 15.552
5700 15.69403
5800 16.68916
5900 16.64704
6000 17.01952
6100 17.31442
6200 18.12312
6300 18.64095
6400 19.37319
6500 20.11301
6600 20.34178
6700 20.71048
6800 21.66028
6900 23.26109
7000 22.72705
7100 24.37205
7200 24.18987
7300 24.62426
7400 27.16367
7500 26.88516
7600 28.53613
7700 29.07954
7800 28.44307
7900 29.23592
8000 30.75211
8100 30.80202
8200 31.72681
8300 32.09278
8400 33.99091
8500 34.48587
8600 35.8276
8700 34.91012
8800 36.11228
8900 37.39638
9000 38.28613
9100 39.64623
9200 40.91362
9300 42.56315
9400 42.47155
9500 42.99277
9600 45.39145
9700 45.52552
9800 45.653
9900 46.11136
10000 47.60412
