100 0.00317
200 0.01415
300 0.02891
400 0.05509
500 0.09013
600 0.13153
700 0.17438
800 0.23518
900 0.29328
1000 0.3641
1100 0.46322
1200 0.55205
1300 0.65278
1400 0.76693
1500 0.85042
1600 0.98455
1700 1.09936
1800 1.25999
1900 1.35414
2000 1.57216
2100 1.71545
2200 2.01138
2300 2.14048
2400 2.31622
2500 2.5726
2600 2.79345
2700 2.97286
2800 3.12996
2900 3.47323
3000 3.50375
3100 3.80297
3200 4.0139
3300 4.37771
3400 4.39921
3500 4.89481
3600 5.40779
3700 5.71833
3800 5.77196
3900 6.35707
4000 6.74234
4100 6.92144
4200 7.27616
4300 7.73239
4400 8.23683
4500 8.01894
4600 8.54337
4700 9.39998
4800 9.4803
4900 9.55177
5000 10.1651
5100 10.4662
5200 11.21489
5300 11.7817
5400 11.6548
5500 12.27709
5600 12.58985
5700 13.50566
5800 14.2313
5900 14.22058
6000 14.54701
6100 14.84847
6200 15.50351
6300 16.12714
6400 16.47942
6500 16.97366
6600 17.85357
6700 17.82014
6800 18.50011
6900 19.90725
7000 19.63264
7100 20.42626
7200 20.61779
7300 21.8431
7400 22.8646
7500 22.89381
7600 24.12557
7700 24.21112
7800 24.41307
7900 25.04833
8000 25.97636
8100 26.33753
8200 27.08266
8300 27.63708
8400 28.27648
8500 29.13349
8600 29.91268
8700 30.8944
8800 30.76664
8900 32.20866
9000 32.41874
9100 33.22122
9200 34.31104
9300 36.2567
9400 36.24043
9500 36.8555
9600 37.42427
9700 39.15872
9800 38.48726
9900 39.65152
10000 41.08169
