8851
8740
1463
2181
1524
8983
7357
3781
589
2138
5237
7693
119
326
4896
3559
7688
7676
3902
8419
4887
1277
6660
8429
6559
5135
1172
8591
6794
2816
7174
9924
6687
7772
8824
8807
8853
2193
7827
1845
2626
7875
9490
9653
2681
9585
2757
9700
4076
7492
5930
7215
3362
1221
5365
2704
3328
2963
8019
1863
6647
6235
4280
8996
2667
851
24
5097
2842
3089
6784
1168
4707
8949
3489
7433
9667
1084
4010
3232
6584
8517
8564
2424
4893
5773
4684
202
1840
1510
3613
5209
41
1088
8687
9609
9246
8157
1061
5599
3342
410
821
281
6276
8684
798
3844
5356
7581
5188
8695
7177
752
3276
2891
3904
9456
6521
4579
9912
5243
9733
2876
1884
7305
7878
4673
5257
7064
3316
1093
1881
1170
4377
5319
4699
9877
6200
2050
3683
2239
6664
1647
4446
3792
6732
4263
1724
6214
3314
3276
955
116
1827
6182
978
319
4770
9823
3765
1053
943
6272
7922
2294
7307
4426
5131
9793
5489
949
5622
262
2927
6334
5882
4653
3049
2999
7236
9411
4886
3657
4063
9070
3454
45
3555
7969
4809
6497
6680
8310
6858
536
9260
8298
5967
9584
1063
6629
9799
6873
4888
8674
2308
3812
9898
5088
3769
5641
4347
7805
1919
883
7550
5748
6251
4675
7784
9809
1740
1453
5613
2623
8009
5151
365
6432
9539
6687
8155
5315
794
2255
8786
5037
4830
5976
8345
4820
884
2173
693
7310
4382
5851
7281
7754
676
914
1473
1968
182
2138
64
1081
36
9331
7053
2407
6952
4493
4911
7529
5029
4313
940
7745
8179
9706
2585
538
8311
7657
9921
5615
927
1266
9279
7353
7395
1064
8347
3010
8396
9373
9746
1414
6002
7464
1932
8376
3315
5347
5771
4604
766
2663
6598
8568
3992
3415
2617
9516
6012
7291
1324
1807
4130
8440
4903
3403
9953
2642
5068
8334
2526
9953
349
5768
6177
562
838
5530
8733
8375
6396
1901
3523
2862
5328
3616
3773
8405
332
558
3719
4261
7870
7873
9367
4339
9437
1796
2500
6359
6035
5252
2614
655
7296
7827
4957
1584
7744
1019
8720
8549
638
9448
2376
7880
2309
1952
7891
5928
635
3621
9916
5770
6894
814
1743
2515
6826
7452
1653
7277
7171
1361
9871
1143
8764
9236
8215
4392
6504
3777
482
6656
2299
4253
2813
3641
8944
710
7267
7081
3675
1915
7058
5582
8517
5347
7173
1603
8304
8412
1664
6005
1346
6036
1129
2625
3430
4096
2104
9077
1589
7597
6455
3678
6640
5492
4235
7247
5764
2763
9868
1695
4410
5063
4061
8774
26
1495
6519
8302
3137
5523
9267
6128
9023
1136
8618
387
412
9710
845
7079
9762
8954
4297
4346
7111
3259
2745
6253
4332
4637
4062
5525
5928
3539
363
9696
2127
1866
1803
9571
7586
1966
3283
8950
8383
5629
6929
3706
8367
4350
2152
9113
8064
1664
7491
1974
7132
9630
1174
2536
6593
4039
4041
1573
1856
6737
3433
3671
7895
2821
290
2720
3909
6035
793
31
4085
8204
4585
1777
6810
4121
377
1557
3521
7690
8917
2991
3598
5015
4213
3112
9289
8925
5128
2124
9723
3701
999
6402
2776
3423
5967
4420
2722
1255
1303
4554
1563
3731
9150
7877
7396
9400
9315
5233
4902
7253
1477
8687
1693
5607
8448
3671
7211
9849
4386
3539
2229
4793
5136
5590
3214
4547
2714
5036
879
6133
1472
5706
5824
9937
5628
8955
425
7689
5372
4400
3592
9848
5164
6317
3435
2479
3523
2174
3313
6440
9365
4683
3242
7630
1152
5542
6582
7781
5461
7259
