100 0.00038
200 0.00084
300 0.0013
400 0.00197
500 0.00249
600 0.00323
700 0.00371
800 0.00421
900 0.00509
1000 0.00636
1100 0.00573
1200 0.00732
1300 0.00749
1400 0.00838
1500 0.00874
1600 0.00943
1700 0.01017
1800 0.01056
1900 0.01162
2000 0.01208
2100 0.01237
2200 0.01308
2300 0.01368
2400 0.01471
2500 0.01582
2600 0.01603
2700 0.01705
2800 0.01732
2900 0.01819
3000 0.01952
3100 0.02265
3200 0.02023
3300 0.0207
3400 0.0254
3500 0.02127
3600 0.02408
3700 0.02388
3800 0.02659
3900 0.02469
4000 0.03154
4100 0.02815
4200 0.0269
4300 0.0295
4400 0.03122
4500 0.03057
4600 0.03069
4700 0.03039
4800 0.03249
4900 0.03479
5000 0.03268
5100 0.03421
5200 0.03405
5300 0.03957
5400 0.03617
5500 0.03911
5600 0.03853
5700 0.0415
5800 0.04069
5900 0.04164
6000 0.0417
6100 0.04136
6200 0.04816
6300 0.04188
6400 0.04356
6500 0.04442
6600 0.0445
6700 0.04889
6800 0.04896
6900 0.04671
7000 0.04884
7100 0.05756
7200 0.05239
7300 0.05063
7400 0.05092
7500 0.05062
7600 0.05327
7700 0.05556
7800 0.05547
7900 0.05313
8000 0.05889
8100 0.05775
8200 0.05852
8300 0.05827
8400 0.06222
8500 0.06655
8600 0.05994
8700 0.06238
8800 0.06563
8900 0.06249
9000 0.06493
9100 0.06683
9200 0.06535
9300 0.06688
9400 0.06622
9500 0.06998
9600 0.06824
9700 0.0689
9800 0.07142
9900 0.08048
10000 0.07198
