100 0.00222
200 0.00826
300 0.0239
400 0.03316
500 0.05189
600 0.07868
700 0.10799
800 0.14652
900 0.18821
1000 0.22207
1100 0.27688
1200 0.35499
1300 0.39148
1400 0.45845
1500 0.51282
1600 0.58039
1700 0.68758
1800 0.80086
1900 0.84467
2000 0.93678
2100 0.98779
2200 1.10053
2300 1.23108
2400 1.3679
2500 1.4527
2600 1.67686
2700 1.80082
2800 1.89767
2900 2.01681
3000 2.26116
3100 2.35627
3200 2.51247
3300 2.65583
3400 2.83969
3500 3.11405
3600 3.18333
3700 3.35382
3800 3.52107
3900 3.68952
4000 3.96538
4100 4.20792
4200 4.41867
4300 4.54224
4400 5.02727
4500 4.9646
4600 5.34844
4700 5.61797
4800 5.64035
4900 6.02393
5000 6.64304
5100 6.72113
5200 6.70386
5300 7.17953
5400 7.15353
5500 7.6462
5600 7.92725
5700 8.18756
5800 8.43192
5900 9.44975
6000 9.27645
6100 9.07768
6200 9.24071
6300 9.27637
6400 9.93631
6500 10.03201
6600 10.15059
6700 10.95488
6800 12.01144
6900 12.01715
7000 12.35293
7100 12.25438
7200 12.67942
7300 13.45548
7400 13.84587
7500 14.18588
7600 14.52791
7700 14.98472
7800 15.47308
7900 15.18051
8000 15.54448
8100 15.97047
8200 17.08102
8300 15.92664
8400 16.55687
8500 18.1185
8600 17.98148
8700 18.34017
8800 18.66354
8900 19.18721
9000 19.40703
9100 20.0592
9200 20.65041
9300 21.53621
9400 21.83496
9500 22.48074
9600 22.76934
9700 22.96866
9800 23.71929
9900 24.24912
10000 24.6981
