100 0.00053
200 0.00111
300 0.00275
400 0.00243
500 0.00317
600 0.004
700 0.00446
800 0.00525
900 0.00688
1000 0.00686
1100 0.00784
1200 0.00855
1300 0.00961
1400 0.01005
1500 0.01021
1600 0.01207
1700 0.01176
1800 0.01336
1900 0.01377
2000 0.01533
2100 0.01629
2200 0.01711
2300 0.01775
2400 0.01853
2500 0.021
2600 0.0209
2700 0.02003
2800 0.02251
2900 0.02359
3000 0.02339
3100 0.02403
3200 0.0256
3300 0.02644
3400 0.0278
3500 0.03025
3600 0.03203
3700 0.03001
3800 0.03014
3900 0.03225
4000 0.03316
4100 0.03848
4200 0.03341
4300 0.03428
4400 0.0365
4500 0.0359
4600 0.03808
4700 0.03763
4800 0.0385
4900 0.03948
5000 0.04244
5100 0.04133
5200 0.0448
5300 0.04307
5400 0.04206
5500 0.04493
5600 0.04559
5700 0.04703
5800 0.04967
5900 0.05082
6000 0.04884
6100 0.04807
6200 0.05033
6300 0.04902
6400 0.05178
6500 0.05224
6600 0.05082
6700 0.05369
6800 0.05828
6900 0.0581
7000 0.05872
7100 0.05876
7200 0.05921
7300 0.06206
7400 0.06383
7500 0.06187
7600 0.06305
7700 0.06421
7800 0.06503
7900 0.06604
8000 0.06713
8100 0.06769
8200 0.07063
8300 0.06819
8400 0.06765
8500 0.07688
8600 0.07137
8700 0.07231
8800 0.07023
8900 0.07371
9000 0.07691
9100 0.07584
9200 0.07901
9300 0.07729
9400 0.08142
9500 0.07989
9600 0.08092
9700 0.08162
9800 0.08264
9900 0.08025
10000 0.09382
