100 0.00223
200 0.00825
300 0.01853
400 0.03469
500 0.05567
600 0.08355
700 0.11606
800 0.15862
900 0.1986
1000 0.23928
1100 0.3133
1200 0.37082
1300 0.43647
1400 0.50069
1500 0.56856
1600 0.64386
1700 0.71479
1800 0.83244
1900 0.91031
2000 1.02076
2100 1.10654
2200 1.21984
2300 1.35991
2400 1.5318
2500 1.61062
2600 1.901
2700 2.01566
2800 2.14826
2900 2.23517
3000 2.41566
3100 2.61076
3200 2.75704
3300 2.96201
3400 3.06315
3500 3.3268
3600 3.43907
3700 3.82903
3800 3.77971
3900 4.11487
4000 4.24705
4100 4.50097
4200 4.8266
4300 4.93201
4400 5.32899
4500 5.39581
4600 5.72692
4700 5.83767
4800 6.02284
4900 6.46371
5000 6.91255
5100 7.03041
5200 7.63108
5300 7.47832
5400 7.84451
5500 8.26441
5600 8.38686
5700 8.70768
5800 9.07723
5900 9.4771
6000 9.89645
6100 9.71356
6200 9.6437
6300 9.95995
6400 10.75847
6500 10.75388
6600 11.16921
6700 11.63749
6800 12.44916
6900 12.53111
7000 13.16561
7100 13.35385
7200 13.27246
7300 13.8651
7400 15.10167
7500 14.6137
7600 15.11816
7700 16.19176
7800 16.02677
7900 16.16633
8000 16.49118
8100 16.45164
8200 17.84501
8300 17.13532
8400 17.66588
8500 18.79843
8600 18.83774
8700 19.09481
8800 19.63803
8900 20.34648
9000 20.64081
9100 21.11805
9200 21.49568
9300 22.80341
9400 24.43336
9500 24.18705
9600 24.22564
9700 24.776
9800 25.46123
9900 25.7858
10000 25.66132
