100 0.00004
200 0.00007
300 0.0001
400 0.00015
500 0.0002
600 0.00026
700 0.00028
800 0.00035
900 0.0004
1000 0.00041
1100 0.00047
1200 0.00054
1300 0.00058
1400 0.00063
1500 0.00068
1600 0.00075
1700 0.00081
1800 0.00085
1900 0.00087
2000 0.0009
2100 0.00096
2200 0.00102
2300 0.00111
2400 0.00104
2500 0.0012
2600 0.00117
2700 0.0012
2800 0.00125
2900 0.00122
3000 0.00123
3100 0.00127
3200 0.00138
3300 0.00153
3400 0.00154
3500 0.00155
3600 0.00166
3700 0.00162
3800 0.00165
3900 0.00179
4000 0.00178
4100 0.00171
4200 0.0019
4300 0.00171
4400 0.00191
4500 0.00192
4600 0.00218
4700 0.00194
4800 0.00219
4900 0.00227
5000 0.00222
5100 0.00237
5200 0.00236
5300 0.00213
5400 0.00254
5500 0.00253
5600 0.00283
5700 0.00286
5800 0.00251
5900 0.0023
6000 0.00217
6100 0.00247
6200 0.0026
6300 0.00262
6400 0.00271
6500 0.00262
6600 0.00251
6700 0.00265
6800 0.00274
6900 0.00298
7000 0.00275
7100 0.00286
7200 0.0028
7300 0.00309
7400 0.00287
7500 0.00278
7600 0.00301
7700 0.00319
7800 0.00315
7900 0.00342
8000 0.00328
8100 0.00332
8200 0.00311
8300 0.00327
8400 0.00333
8500 0.00326
8600 0.00319
8700 0.00349
8800 0.00331
8900 0.00338
9000 0.00366
9100 0.00355
9200 0.00332
9300 0.00352
9400 0.00363
9500 0.00351
9600 0.00423
9700 0.00389
9800 0.00372
9900 0.00372
10000 0.00363
