100 0.00005
200 0.00006
300 0.00009
400 0.00009
500 0.00011
600 0.00014
700 0.00017
800 0.0002
900 0.00025
1000 0.00029
1100 0.00028
1200 0.00036
1300 0.00039
1400 0.0004
1500 0.00044
1600 0.00046
1700 0.00041
1800 0.00054
1900 0.00059
2000 0.00066
2100 0.0006
2200 0.00079
2300 0.00071
2400 0.00082
2500 0.00071
2600 0.00085
2700 0.00087
2800 0.00074
2900 0.00089
3000 0.00094
3100 0.00096
3200 0.00104
3300 0.0011
3400 0.00109
3500 0.00084
3600 0.00108
3700 0.00133
3800 0.00103
3900 0.00139
4000 0.00099
4100 0.00129
4200 0.00111
4300 0.00135
4400 0.00147
4500 0.0014
4600 0.00163
4700 0.00154
4800 0.0016
4900 0.00146
5000 0.00135
