100 0.0009
200 0.00123
300 0.00185
400 0.00185
500 0.00211
600 0.00285
700 0.00352
800 0.00413
900 0.00489
1000 0.00597
1100 0.00605
1200 0.00751
1300 0.00802
1400 0.00922
1500 0.0103
1600 0.01005
1700 0.01
1800 0.01162
1900 0.01224
2000 0.0129
2100 0.0135
2200 0.01448
2300 0.01444
2400 0.01722
2500 0.01544
2600 0.019
2700 0.01891
2800 0.01988
2900 0.02001
3000 0.022
3100 0.02118
3200 0.02446
3300 0.0212
3400 0.02569
3500 0.02139
3600 0.02689
3700 0.02501
3800 0.02474
3900 0.0323
4000 0.02385
4100 0.03185
4200 0.02411
4300 0.03301
4400 0.02623
4500 0.0335
4600 0.0282
4700 0.03572
4800 0.02939
4900 0.03822
5000 0.03377
