100 0.00053
200 0.00112
300 0.00173
400 0.00243
500 0.00305
600 0.00377
700 0.00448
800 0.00519
900 0.00586
1000 0.00657
1100 0.0073
1200 0.00804
1300 0.00908
1400 0.00992
1500 0.01076
1600 0.01154
1700 0.01216
1800 0.01274
1900 0.01367
2000 0.01419
2100 0.01546
2200 0.016
2300 0.01678
2400 0.01794
2500 0.01957
2600 0.01917
2700 0.0199
2800 0.02083
2900 0.02167
3000 0.02239
3100 0.02313
3200 0.0242
3300 0.02475
3400 0.02571
3500 0.02635
3600 0.02729
3700 0.02726
3800 0.0296
3900 0.02988
4000 0.03053
4100 0.0317
4200 0.03234
4300 0.03317
4400 0.03417
4500 0.03486
4600 0.03495
4700 0.03456
4800 0.03628
4900 0.03728
5000 0.03849
5100 0.03956
5200 0.04077
5300 0.04117
5400 0.04234
5500 0.0447
5600 0.04385
5700 0.04309
5800 0.04442
5900 0.04359
6000 0.04554
6100 0.04789
6200 0.0486
6300 0.04842
6400 0.04996
6500 0.04967
6600 0.04976
6700 0.0519
6800 0.05208
6900 0.05343
7000 0.05329
7100 0.0539
7200 0.05526
7300 0.05682
7400 0.05816
7500 0.05784
7600 0.05918
7700 0.05955
7800 0.06092
7900 0.06062
8000 0.06111
8100 0.06206
8200 0.06295
8300 0.06418
8400 0.06778
8500 0.0653
8600 0.06568
8700 0.06758
8800 0.06791
8900 0.07078
9000 0.07034
9100 0.07019
9200 0.07164
9300 0.0726
9400 0.07372
9500 0.07382
9600 0.0751
9700 0.07531
9800 0.07562
9900 0.07643
10000 0.07823
